"","chr","pos","mu1","mu2","diff","diff.se","stat","phi1","phi2","pval","fdr","postprob.overThreshold","name","annotation","description","region","distance","subregion","insideDistance","exonnumber","nexons","UTR","strand","geneL","codingL","Geneid","subjectHits"
"1345","chr3",94383792,0.155349572572083,0.863188427289508,-0.707838854717425,0.127817029062296,-5.53790727190535,0.0212487818474706,0.0285973121446293,3.06107248124645e-08,0.000173287313163362,0.999999010541865,"Rorc","NM_001293734 NM_011281 NP_001280663 NP_035411 NR_121656 XM_006501162 XM_006501163 XM_006501164 XP_006501225 XP_006501226 XP_006501227","inside intron","inside",6276,"inside intron",391,2,7,"5' UTR","+",20132,NA,"19885",30387
"1344","chr3",94383791,0.117260124635777,0.715791480699636,-0.598531356063858,0.119630830846756,-5.00315304865314,0.0216316026405457,0.0247546981577112,5.64001277058974e-07,0.00159640561471543,0.999984587681928,"Rorc","NM_001293734 NM_011281 NP_001280663 NP_035411 NR_121656 XM_006501162 XM_006501163 XM_006501164 XP_006501225 XP_006501226 XP_006501227","inside intron","inside",6275,"inside intron",392,2,7,"5' UTR","+",20132,NA,"19885",30387
"536","chr2",9870957,0.91960060992784,0.297851813834264,0.621748796093576,0.131660988020095,4.72234642503732,0.0218969224676875,0.0266112753217036,2.33139124592059e-06,0.00439933528105215,0.999962986228075,"Gata3","NM_001355110 NM_001355111 NM_001355112 NM_008091 NP_001342039 NP_001342040 NP_001342041 NP_032117 XM_006497354 XM_030247532 XM_030247533 XP_006497417 XP_030103392 XP_030103393","inside intron","inside",2715,"inside intron",-2050,2,3,"inside transcription region","-",10489,NA,"14462",17664
"5579","chrX",7586504,0.0564170927225098,0.777259225431028,-0.720842132708518,0.158420833015436,-4.55017259401913,0.027447144790062,0.0289332834716018,5.36019305994461e-06,0.0075860132280866,0.999955640945129,"Foxp3","NM_001199347 NM_001199348 NM_054039 NP_001186276 NP_001186277 NP_473380","inside exon","inside",149,"inside exon",0,1,10,"inside transcription region","+",6693,NA,"20371",31451
"3759","chr11",97098803,0.799026974332858,0.0697277078086011,0.729299266524257,0.163310898346511,4.46571094708473,0.0226203922447683,0.0313237892112201,7.98032961739479e-06,0.00903532919281438,0.999941941950292,"Tbx21","NM_019507 NP_062380","inside exon","inside",16528,"inside exon",0,6,6,"inside transcription region","-",17260,NA,"57765",70992
"1906","chr4",128788486,0.893430254442265,0.0637908211554916,0.829639433286773,0.193202205321476,4.2941509487757,0.0265050055515514,0.0315725438897478,1.75363137032474e-05,0.0165455119790139,0.999921242988357,"Zfp362","NM_001081098 NP_001074567 XM_030253454 XM_036164050 XP_030109314 XP_036019943","close to 3'","close to 3'",1606,NA,NA,NA,2,NA,"-",771,NA,"230761",45395
"1341","chr3",94383635,0.0276109795068119,0.543025441148678,-0.515414461641866,0.124385838854112,-4.14367476547212,0.0295383674443441,0.0279260378420695,3.41784379958165e-05,0.0276405910706168,0.99958106827328,"Rorc","NM_001293734 NM_011281 NP_001280663 NP_035411 NR_121656 XM_006501162 XM_006501163 XM_006501164 XP_006501225 XP_006501226 XP_006501227","inside intron","inside",6119,"inside intron",548,2,7,"5' UTR","+",20132,NA,"19885",30387
"1342","chr3",94383726,0.0723064055847836,0.529979803365835,-0.457673397781052,0.121731647837815,-3.75969113956971,0.0216642655653121,0.0252165529836842,0.000170123257602683,0.120383470161098,0.998351756288669,"Rorc","NM_001293734 NM_011281 NP_001280663 NP_035411 NR_121656 XM_006501162 XM_006501163 XM_006501164 XP_006501225 XP_006501226 XP_006501227","inside intron","inside",6210,"inside intron",457,2,7,"5' UTR","+",20132,NA,"19885",30387
"687","chr2",9875001,0.652704026588306,0.165244778309913,0.487459248278393,0.143365446768371,3.40011668966483,0.0205266463819458,0.0276333429963,0.000673571013910178,0.412724604380756,0.996580880345659,"Gata3","NM_001355110 NM_001355111 NM_001355112 NM_008091 NP_001342039 NP_001342040 NP_001342041 NP_032117 XM_006497354 XM_030247532 XM_030247533 XP_006497417 XP_030103392 XP_030103393","inside intron","inside",398,"inside intron",-75,2,2,"inside transcription region","-",912,NA,"14462",17665
"1566","chr4",128777254,0.890527579743296,0.121619887651255,0.768907692092041,0.251473016200836,3.05761510204324,0.0268109752333692,0.0312132732269795,0.00223105940039053,0.842001817707387,0.996367350495618,"Zfp362","NM_001081098 NP_001074567 XM_030253454 XM_036164050 XP_030109314 XP_036019943","downstream","downstream",12838,NA,NA,NA,2,NA,"-",771,NA,"230761",45395
"703","chr2",9875373,0.829809658630976,0.356524553275597,0.47328510535538,0.140091137446788,3.37840861300132,0.0208167114978784,0.0263126568920649,0.000729066603746256,0.412724604380756,0.996167222702957,"Gata3","NM_001355110 NM_001355111 NM_001355112 NM_008091 NP_001342039 NP_001342040 NP_001342041 NP_032117 XM_006497354 XM_030247532 XM_030247533 XP_006497417 XP_030103392 XP_030103393","inside exon","inside",26,"inside exon",0,1,2,"inside transcription region","-",912,NA,"14462",17665
"3785","chr11",97099094,0.804968740525317,0.310550509369062,0.494418231156255,0.151551249627027,3.2623830708954,0.0227121318418352,0.0304794201607883,0.00110479739846017,0.568568915698458,0.995417070089614,"Tbx21","NM_019507 NP_062380","inside exon","inside",16237,"inside exon",0,6,6,"inside transcription region","-",17260,NA,"57765",70992
"1169","chr3",94375599,0.186279555096887,0.625552384487516,-0.439272829390629,0.13663212911675,-3.21500391035607,0.024729612918428,0.0277607133002668,0.00130442745299676,0.615363650951219,0.993527572182166,"Rorc","NM_001293734 NM_011281 NP_001280663 NP_035411 NR_121656 XM_006501162 XM_006501163 XM_006501164 XP_006501225 XP_006501226 XP_006501227","promoter","promoter",1833,NA,NA,NA,10,NA,"+",20844,NA,"19885",30385
"4981","chrX",7570024,0.162296380968665,0.93013129313838,-0.767834912169715,0.272989502338729,-2.8126902521584,0.0265952631025339,0.0313220153201396,0.0049128950837909,0.999913923957087,0.993523883213369,"Ppp1r3f","NM_001290574 NM_138605 NP_001277503 NP_613071","inside intron","inside",2819,"inside intron",2779,1,4,"inside transcription region","-",12601,NA,"54646",67915
"3765","chr11",97098899,0.913214547303266,0.458203641964965,0.455010905338301,0.143276762717459,3.17574808858279,0.0261136767741337,0.0271756013756467,0.00149450669944415,0.650800186581026,0.99344380369899,"Tbx21","NM_019507 NP_062380","inside exon","inside",16432,"inside exon",0,6,6,"inside transcription region","-",17260,NA,"57765",70992
"1553","chr4",128777084,0.653968244549096,0.108557861053975,0.545410383495121,0.183964593644406,2.9647573627639,0.0223855388182444,0.0302554430659506,0.00302921745595526,0.999913923957087,0.992490231577555,"Zfp362","NM_001081098 NP_001074567 XM_030253454 XM_036164050 XP_030109314 XP_036019943","downstream","downstream",13008,NA,NA,NA,2,NA,"-",771,NA,"230761",45395
"2275","chr4",128799542,0.924377517384974,0.165166190536195,0.759211326848779,0.279327634410272,2.71799576311759,0.0272989213062116,0.0312544565830153,0.00656786791612318,0.999913923957087,0.991911361003408,"Zfp362","NM_001081098 NP_001074567 XM_030253454 XM_036164050 XP_030109314 XP_036019943","upstream","upstream",4654,NA,NA,NA,8,NA,"-",21784,NA,"230761",45393
"1322","chr3",94382529,0.242437268776689,0.681493870551118,-0.439056601774429,0.142491036364982,-3.08129278146179,0.0196798283332563,0.0252125752509968,0.00206103878530763,0.83339575454475,0.991409239546062,"Rorc","NM_001293734 NM_011281 NP_001280663 NP_035411 NR_121656 XM_006501162 XM_006501163 XM_006501164 XP_006501225 XP_006501226 XP_006501227","inside intron","inside",5013,"inside intron",1654,2,7,"5' UTR","+",20132,NA,"19885",30387
"1551","chr4",128777002,0.156069834732018,0.68011048434247,-0.524040649610452,0.182418706308159,-2.87273525953634,0.0269589955427254,0.0282809134100956,0.00406934967080764,0.999913923957087,0.99026391493938,"Zfp362","NM_001081098 NP_001074567 XM_030253454 XM_036164050 XP_030109314 XP_036019943","downstream","downstream",13090,NA,NA,NA,2,NA,"-",771,NA,"230761",45395
"3769","chr11",97098924,0.767143870780353,0.301016389591611,0.466127481188742,0.158992685787552,2.93175424315801,0.0226811632907753,0.0337369712170199,0.00337053352357731,0.999913923957087,0.989539719601809,"Tbx21","NM_019507 NP_062380","inside exon","inside",16407,"inside exon",0,6,6,"inside transcription region","-",17260,NA,"57765",70992
"673","chr2",9874905,0.738136179799452,0.310988893406658,0.427147286392794,0.145753322202781,2.93061784072764,0.0225666849357032,0.0268402037166066,0.00338288661115666,0.999913923957087,0.987749933879557,"Gata3","NM_001355110 NM_001355111 NM_001355112 NM_008091 NP_001342039 NP_001342040 NP_001342041 NP_032117 XM_006497354 XM_030247532 XM_030247533 XP_006497417 XP_030103392 XP_030103393","inside exon","inside",494,"inside exon",0,2,2,"inside transcription region","-",912,NA,"14462",17665
"2841","chr4",128807277,0.122970542472793,0.86249821885617,-0.739527676383376,0.292534743585026,-2.52799946878252,0.0268798757906059,0.0311123108698635,0.0114714525539494,0.999913923957087,0.987651442275565,"Zfp362","NM_001081098 NP_001074567 XM_030253454 XM_036164050 XP_030109314 XP_036019943","promoter","promoter",1232,NA,NA,NA,7,NA,"-",28961,NA,"230761",45394
"596","chr2",9873490,0.150553526491414,0.654192779425717,-0.503639252934302,0.181145144932508,-2.78030776437288,0.023306125716183,0.0280088557808368,0.00543074026448211,0.999913923957087,0.987499128472939,"Gata3","NM_001355110 NM_001355111 NM_001355112 NM_008091 NP_001342039 NP_001342040 NP_001342041 NP_032117 XM_006497354 XM_030247532 XM_030247533 XP_006497417 XP_030103392 XP_030103393","inside intron","inside",182,"inside intron",123,1,3,"inside transcription region","-",10489,NA,"14462",17664
"5435","chrX",7579244,0.0968436826482734,0.689084015946974,-0.592240333298701,0.222952360102874,-2.65635372967315,0.0267558036330387,0.0309145359327354,0.00789907099150662,0.999913923957087,0.98732362800131,"Foxp3","NM_001199347 NM_001199348 NM_054039 NP_001186276 NP_001186277 NP_473380","promoter","promoter",323,NA,NA,NA,12,NA,"+",14232,NA,"20371",31443
"3754","chr11",97098722,0.940828240473217,0.404520213489249,0.536308026983967,0.197104730295436,2.72092925512293,0.027754659894844,0.0289293075480704,0.00650986915941173,0.999913923957087,0.987194020313014,"Tbx21","NM_019507 NP_062380","inside exon","inside",16609,"inside exon",0,6,6,"3'UTR","-",17260,NA,"57765",70992
"705","chr2",9875375,0.78127896014481,0.364322228082648,0.416956732062162,0.143823951795737,2.89907714852904,0.0205064687014194,0.0259111022970722,0.00374262792048726,0.999913923957087,0.986392771645357,"Gata3","NM_001355110 NM_001355111 NM_001355112 NM_008091 NP_001342039 NP_001342040 NP_001342041 NP_032117 XM_006497354 XM_030247532 XM_030247533 XP_006497417 XP_030103392 XP_030103393","inside exon","inside",24,"inside exon",0,1,2,"inside transcription region","-",912,NA,"14462",17665
"5044","chrX",7572031,0.913783057142213,0.395576099624723,0.51820695751749,0.191396964102915,2.7074983134991,0.0267038451850927,0.034718234100556,0.00677924152178899,0.999913923957087,0.986175466367571,"Ppp1r3f","NM_001290574 NM_138605 NP_001277503 NP_613071","inside intron","inside",812,"inside intron",772,1,4,"inside transcription region","-",12601,NA,"54646",67915
"1864","chr4",128787437,0.893430254442265,0.24953305577894,0.643897198663325,0.252855714390427,2.54650048236245,0.0265050055515514,0.0303037982810082,0.0108809061158312,0.999913923957087,0.985893200840357,"Zfp362","NM_001081098 NP_001074567 XM_030253454 XM_036164050 XP_030109314 XP_036019943","downstream","downstream",2655,NA,NA,NA,2,NA,"-",771,NA,"230761",45395
"1363","chr3",94384720,0.129856319418578,0.564956187247397,-0.435099867828818,0.155462663339054,-2.79874188749676,0.0216990447212224,0.0318774701602378,0.00513021283508636,0.999913923957087,0.984727393182468,"Rorc","NM_001293734 NM_011281 NP_001280663 NP_035411 NR_121656 XM_006501162 XM_006501163 XM_006501164 XP_006501225 XP_006501226 XP_006501227","inside intron","inside",7204,"inside intron",-395,2,7,"inside transcription region","+",20132,NA,"19885",30387
"5390","chrX",7576257,0.159358442832886,0.809429621488519,-0.650071178655633,0.266896836725133,-2.43566460596578,0.0263424518743671,0.029922289244138,0.0148644598007325,0.999913923957087,0.982822357845885,"Flicr","NR_029473","inside intron","inside",1765,"inside intron",1430,2,3,"inside transcription region","+",3923,NA,"78185",98589
"68","chr1",20731650,0.522031771393272,0.880065755505756,-0.358033984112484,0.123309402545428,-2.90354163366076,0.0208028809485281,0.0238028058537996,0.00368967909497505,0.999913923957087,0.981908175449754,"Il17a","NM_010552 NP_034682","inside intron","inside",745,"inside intron",445,2,3,"inside transcription region","+",3591,NA,"16171",20419
"4118","chr11",97112919,0.545550561435592,0.977753278564528,-0.432202717128936,0.159498710871937,-2.70975680471772,0.0219778704082593,0.0318351874054976,0.00673325581463977,0.999913923957087,0.981788793596326,"Tbx21","NM_019507 NP_062380","inside intron","inside",2412,"inside intron",1730,1,6,"inside transcription region","-",17260,NA,"57765",70992
"205","chr1",131021049,0.0690061019517352,0.496771121921126,-0.427765019969391,0.160197261838754,-2.67023927287818,0.0216850744961845,0.0292313882579697,0.00757972121166742,0.999913923957087,0.980115289334276,"Il10","NM_010548 NP_034678 XM_036162094 XP_036017987","inside intron","inside",1204,"inside intron",-25,2,5,"inside transcription region","+",5129,NA,"16153",20340
"4572","chr12",119237687,0.481505886056291,0.860226125610928,-0.378720239554637,0.137484047098638,-2.75464861230717,0.0186396562851181,0.0301020551950014,0.00587551998075404,0.999913923957087,0.978932531191068,"Itgb8","NM_177290 NP_796264 XM_036157503 XP_036013396","inside exon","inside",1083,"inside exon",0,1,3,"inside transcription region","-",37307,NA,"320910",59981
"1665","chr4",128781238,0.434284501182456,0.947321537948569,-0.513037036766112,0.208972564906478,-2.45504493374866,0.0236418406252122,0.0313722823358231,0.0140866979283455,0.999913923957087,0.977627064447088,"Zfp362","NM_001081098 NP_001074567 XM_030253454 XM_036164050 XP_030109314 XP_036019943","downstream","downstream",8854,NA,NA,NA,2,NA,"-",771,NA,"230761",45395
"1364","chr3",94384784,0.29607955670194,0.690678831614387,-0.394599274912447,0.149100256397102,-2.64653652815661,0.0197951558145269,0.0321790670522721,0.0081320721928551,0.999913923957087,0.976368518328605,"Rorc","NM_001293734 NM_011281 NP_001280663 NP_035411 NR_121656 XM_006501162 XM_006501163 XM_006501164 XP_006501225 XP_006501226 XP_006501227","inside intron","inside",7268,"inside intron",-459,2,7,"inside transcription region","+",20132,NA,"19885",30387
"701","chr2",9875355,0.856555327956995,0.488202778261719,0.368352549695276,0.137030435254569,2.68810756538114,0.0222105501942026,0.0246966117223504,0.00718582447755342,0.999913923957087,0.975220655397677,"Gata3","NM_001355110 NM_001355111 NM_001355112 NM_008091 NP_001342039 NP_001342040 NP_001342041 NP_032117 XM_006497354 XM_030247532 XM_030247533 XP_006497417 XP_030103392 XP_030103393","inside exon","inside",44,"inside exon",0,1,2,"inside transcription region","-",912,NA,"14462",17665
"5687","chrX",7591450,0.950583474310079,0.536695979548643,0.413887494761436,0.161841571168619,2.55736206570941,0.0271579183824645,0.0295731483880439,0.0105469376720407,0.999913923957087,0.974526703577592,"Foxp3","NM_001199347 NM_001199348 NM_054039 NP_001186276 NP_001186277 NP_473380","inside exon","inside",5095,"inside exon",0,7,10,"inside transcription region","+",6693,NA,"20371",31451
"66","chr1",20731640,0.586279880352327,0.916275380581232,-0.329995500228905,0.117976610764775,-2.79712646506569,0.0185794657029774,0.0266103493840975,0.00515593474954202,0.999913923957087,0.974516002747119,"Il17a","NM_010552 NP_034682","inside intron","inside",735,"inside intron",455,2,3,"inside transcription region","+",3591,NA,"16171",20419
"4122","chr11",97112966,0.251799201184251,0.689175502583881,-0.43737630139963,0.17490015284574,-2.50071994954396,0.0239879570253721,0.0295075284348392,0.0123941143697089,0.999913923957087,0.974193865255297,"Tbx21","NM_019507 NP_062380","inside intron","inside",2365,"inside intron",1683,1,6,"inside transcription region","-",17260,NA,"57765",70992
"5697","chrX",7591779,0.502160616443655,0.922517023654412,-0.420356407210757,0.1660132613304,-2.53206523287415,0.023994360340276,0.0286706529809833,0.011339289357981,0.999913923957087,0.974039171519042,"Foxp3","NM_001199347 NM_001199348 NM_054039 NP_001186276 NP_001186277 NP_473380","inside intron","inside",5424,"inside intron",-252,7,10,"inside transcription region","+",6693,NA,"20371",31451
"69","chr1",20731700,0.513872176545269,0.877175911372277,-0.363303734827008,0.13742462473798,-2.64365819095157,0.0264153271185152,0.0268297443527162,0.00820154314730536,0.999913923957087,0.97269062836799,"Il17a","NM_010552 NP_034682","inside intron","inside",795,"inside intron",395,2,3,"inside transcription region","+",3591,NA,"16171",20419
"5609","chrX",7587595,0.415024577159757,0.948065656167677,-0.533041079007919,0.231839965386286,-2.29917684002316,0.0243692942028775,0.0313061783679079,0.0214948995800372,0.999913923957087,0.972269979823261,"Foxp3","NM_001199347 NM_001199348 NM_054039 NP_001186276 NP_001186277 NP_473380","inside intron","inside",1240,"inside intron",-181,3,10,"inside transcription region","+",6693,NA,"20371",31451
"1276","chr3",94379766,0.0837697067219206,0.437647903616966,-0.353878196895046,0.133836437590756,-2.64410950609079,0.0220439376371607,0.0317066793251573,0.00819061530745182,0.999913923957087,0.971429156071017,"Rorc","NM_001293734 NM_011281 NP_001280663 NP_035411 NR_121656 XM_006501162 XM_006501163 XM_006501164 XP_006501225 XP_006501226 XP_006501227","inside intron","inside",2250,"inside intron",-2162,1,7,"5' UTR","+",20132,NA,"19885",30387
"5027","chrX",7571529,0.162296380968665,0.795051971827151,-0.632755590858486,0.297522600829606,-2.12674798181423,0.0265952631025339,0.0305041538663829,0.0334410284753466,0.999913923957087,0.970216128547388,"Ppp1r3f","NM_001290574 NM_138605 NP_001277503 NP_613071","inside intron","inside",1314,"inside intron",1274,1,4,"inside transcription region","-",12601,NA,"54646",67915
"5493","chrX",7581942,0.795484196264538,0.281462410734798,0.51402178552974,0.226512765511953,2.26928396008046,0.024333133846119,0.0328082436597699,0.0232510633148607,0.999913923957087,0.969567252188378,"Foxp3","NM_001199347 NM_001199348 NM_054039 NP_001186276 NP_001186277 NP_473380","inside intron","inside",1459,"inside intron",-1363,1,13,"5' UTR","+",14751,NA,"20371",31449
"1703","chr4",128782613,0.434284501182456,0.930882417986163,-0.496597916803706,0.220576254926029,-2.25136616346235,0.0236418406252122,0.0312672773840466,0.0243623553829283,0.999913923957087,0.967330203334452,"Zfp362","NM_001081098 NP_001074567 XM_030253454 XM_036164050 XP_030109314 XP_036019943","downstream","downstream",7479,NA,NA,NA,2,NA,"-",771,NA,"230761",45395
"4726","chr12",119239477,0.845502565581958,0.496483806001665,0.349018759580293,0.135818601367621,2.56974196513482,0.0267995763328068,0.026555364055888,0.010177429010194,0.999913923957087,0.96710649421683,"Itgb8","NM_177290 NP_796264 XM_036157503 XP_036013396","promoter","promoter",675,NA,NA,NA,14,NA,"-",80780,NA,"320910",59979
"2171","chr4",128796649,0.302435740224994,0.896554379180197,-0.594118638955204,0.283716012352277,-2.09406100850421,0.0245510851305133,0.0311961940809968,0.0362545458994912,0.999913923957087,0.966422425822174,"Zfp362","NM_001081098 NP_001074567 XM_030253454 XM_036164050 XP_030109314 XP_036019943","promoter","promoter",1761,NA,NA,NA,8,NA,"-",21784,NA,"230761",45393
"1228","chr3",94378598,0.610847778404033,0.979747925486499,-0.368900147082466,0.148543669823184,-2.48344576057384,0.0213398849755055,0.0319753335800211,0.013011814831095,0.999913923957087,0.965668916566303,"Rorc","NM_001293734 NM_011281 NP_001280663 NP_035411 NR_121656 XM_006501162 XM_006501163 XM_006501164 XP_006501225 XP_006501226 XP_006501227","inside intron","inside",1082,"inside intron",-994,1,7,"5' UTR","+",20132,NA,"19885",30387
"5127","chrX",7573548,0.890527579743296,0.302360591999858,0.588166987743438,0.28206979374373,2.08518246472647,0.0268109752333692,0.0307422447287639,0.0370527409862273,0.999913923957087,0.965593450176041,"Flicr","NR_029473","promoter","promoter",52,NA,NA,NA,3,NA,"+",7427,NA,"78185",98587
"4600","chr12",119237948,0.207029138256027,0.538352860089742,-0.331323721833715,0.127583075420772,-2.59692534249548,0.0172011576223762,0.0252673453660824,0.00940623662085459,0.999913923957087,0.965454991271923,"Itgb8","NM_177290 NP_796264 XM_036157503 XP_036013396","inside exon","inside",822,"inside exon",0,1,3,"inside transcription region","-",37307,NA,"320910",59981
"593","chr2",9873404,0.783772677807083,0.418663838770809,0.365108839036274,0.146938631576704,2.48477092183673,0.0200853301079171,0.0267979794139069,0.0129634824699587,0.999913923957087,0.965175715463511,"Gata3","NM_001355110 NM_001355111 NM_001355112 NM_008091 NP_001342039 NP_001342040 NP_001342041 NP_032117 XM_006497354 XM_030247532 XM_030247533 XP_006497417 XP_030103392 XP_030103393","inside intron","inside",268,"inside intron",209,1,3,"inside transcription region","-",10489,NA,"14462",17664
"2846","chr4",128807333,0.195518951115954,0.691086726894547,-0.495567775778593,0.227657875776645,-2.17680927614731,0.0276977626380329,0.0338392874393546,0.0294948006556512,0.999913923957087,0.963302737194439,"Zfp362","NM_001081098 NP_001074567 XM_030253454 XM_036164050 XP_030109314 XP_036019943","promoter","promoter",1288,NA,NA,NA,7,NA,"-",28961,NA,"230761",45394
"3900","chr11",97102928,0.631955270409126,0.978458174519509,-0.346502904110383,0.138292380898958,-2.50558202742602,0.0206220275157741,0.0318881058917708,0.0122250038317673,0.999913923957087,0.963286009294895,"Tbx21","NM_019507 NP_062380","inside intron","inside",12403,"inside intron",-829,2,6,"inside transcription region","-",17260,NA,"57765",70992
"70","chr1",20731701,0.4952171917998,0.826728270125921,-0.331511078326121,0.129726936954359,-2.55545290830965,0.0178908127866182,0.0250953802069341,0.0106049709811049,0.999913923957087,0.963277162454026,"Il17a","NM_010552 NP_034682","inside intron","inside",796,"inside intron",394,2,3,"inside transcription region","+",3591,NA,"16171",20419
"3845","chr11",97100624,0.669199146508291,0.263642456416368,0.405556690091923,0.174619737245472,2.32251345975747,0.0269794218531925,0.0274775609631231,0.0202053045230018,0.999913923957087,0.961821748019419,"Tbx21","NM_019507 NP_062380","inside intron","inside",14707,"inside intron",-538,4,6,"inside transcription region","-",17260,NA,"57765",70992
"4116","chr11",97112910,0.545550561435592,0.934964634125064,-0.389414072689471,0.165696561514482,-2.3501638726247,0.0219778704082593,0.0311974558968334,0.0187651475091922,0.999913923957087,0.961221120590781,"Tbx21","NM_019507 NP_062380","inside intron","inside",2421,"inside intron",1739,1,6,"inside transcription region","-",17260,NA,"57765",70992
"445","chr2",9867873,0.214298120611,0.589770546375015,-0.375472425764015,0.157565506808555,-2.3829607975064,0.0222643039430346,0.0275287789157402,0.0171740231145603,0.999913923957087,0.961068161859085,"Gata3","NM_001355110 NM_001355111 NM_001355112 NM_008091 NP_001342039 NP_001342040 NP_001342041 NP_032117 XM_006497354 XM_030247532 XM_030247533 XP_006497417 XP_030103392 XP_030103393","inside intron","inside",5799,"inside intron",887,2,3,"inside transcription region","-",10489,NA,"14462",17664
"5619","chrX",7588123,0.411064971132319,0.850857705151278,-0.439792734018959,0.199545375874997,-2.2039735678689,0.0220177768996259,0.0334478222970103,0.0275262030337599,0.999913923957087,0.959114530872705,"Foxp3","NM_001199347 NM_001199348 NM_054039 NP_001186276 NP_001186277 NP_473380","inside intron","inside",1768,"inside intron",-45,5,10,"inside transcription region","+",6693,NA,"20371",31451
"4989","chrX",7570320,0.162296380968665,0.762725100447616,-0.600428719478951,0.310532232894571,-1.93354716797725,0.0265952631025339,0.0302770208152501,0.0531688283849914,0.999913923957087,0.958515351868791,"Ppp1r3f","NM_001290574 NM_138605 NP_001277503 NP_613071","inside intron","inside",2523,"inside intron",2483,1,4,"inside transcription region","-",12601,NA,"54646",67915
"67","chr1",20731649,0.379074772153223,0.743119157668817,-0.364044385515595,0.154022298158658,-2.3635823505282,0.019024635328345,0.0294993193820545,0.0180992036504836,0.999913923957087,0.958059618949474,"Il17a","NM_010552 NP_034682","inside intron","inside",744,"inside intron",446,2,3,"inside transcription region","+",3591,NA,"16171",20419
"3807","chr11",97099510,0.972467859280642,0.647203143462667,0.325264715817976,0.13142308142839,2.47494361175214,0.028618574436387,0.0296650722568323,0.0133257213449621,0.999913923957087,0.957345933996149,"Tbx21","NM_019507 NP_062380","inside intron","inside",15821,"inside intron",-131,6,6,"inside transcription region","-",17260,NA,"57765",70992
"4436","chr11",97116654,0.434284501182456,0.889559234616699,-0.455274733434243,0.212485601637955,-2.14261451093503,0.0236418406252122,0.0303954077060968,0.0321440649949683,0.999913923957087,0.957221770837694,"Tbx21","NM_019507 NP_062380","promoter","promoter",1323,NA,NA,NA,6,NA,"-",17260,NA,"57765",70992
"5017","chrX",7571375,0.162296380968665,0.757521384712711,-0.595225003744046,0.311489706773331,-1.91089782680102,0.0265952631025339,0.0310351524423713,0.0560177124118473,0.999913923957087,0.956876415108011,"Ppp1r3f","NM_001290574 NM_138605 NP_001277503 NP_613071","inside intron","inside",1468,"inside intron",1428,1,4,"inside transcription region","-",12601,NA,"54646",67915
"690","chr2",9875047,0.610847778404033,0.20704542294316,0.403802355460874,0.180227923540075,2.24050939238106,0.0213398849755055,0.029259459235606,0.0250578717092284,0.999913923957087,0.956661080331168,"Gata3","NM_001355110 NM_001355111 NM_001355112 NM_008091 NP_001342039 NP_001342040 NP_001342041 NP_032117 XM_006497354 XM_030247532 XM_030247533 XP_006497417 XP_030103392 XP_030103393","inside intron","inside",352,"inside intron",60,1,2,"inside transcription region","-",912,NA,"14462",17665
"3836","chr11",97100182,0.975672346631007,0.693328427079338,0.282343919551669,0.106674253877261,2.64678597964727,0.0298214744625651,0.0280314899964432,0.00812607635680553,0.999913923957087,0.956476221757078,"Tbx21","NM_019507 NP_062380","inside intron","inside",15149,"inside intron",-96,4,6,"inside transcription region","-",17260,16365,"57765",70992
"5406","chrX",7577485,0.244933430563972,0.952905264937587,-0.707971834373614,0.407006192472667,-1.73946207076729,0.026342451874367,0.0314086973968114,0.0819535183179775,0.999913923957087,0.955944962959281,"Foxp3","NM_001199347 NM_001199348 NM_054039 NP_001186276 NP_001186277 NP_473380","promoter","promoter",2082,NA,NA,NA,12,NA,"+",14232,6688,"20371",31443
"3767","chr11",97098914,0.550811644168456,0.185349533001762,0.365462111166694,0.159054430582338,2.29771726464107,0.019863855256707,0.0293153920111751,0.0215778862871371,0.999913923957087,0.954155843699732,"Tbx21","NM_019507 NP_062380","inside exon","inside",16417,"inside exon",0,6,6,"inside transcription region","-",17260,16365,"57765",70992
"1235","chr3",94378860,0.626641874867983,0.975884698740025,-0.349242823872043,0.150204255235847,-2.3251193737732,0.0555621388030746,0.031759785038816,0.0200655779748115,0.999913923957087,0.952869167433622,"Rorc","NM_001293734 NM_011281 NP_001280663 NP_035411 NR_121656 XM_006501162 XM_006501163 XM_006501164 XP_006501225 XP_006501226 XP_006501227","inside intron","inside",1344,"inside intron",-1256,1,7,"5' UTR","+",20132,13053,"19885",30387
"3831","chr11",97100078,0.977078317755765,0.682947770789731,0.294130546966034,0.116296656612387,2.52914017938075,0.0289862570963923,0.0285078210234841,0.0114342349102759,0.999913923957087,0.952818808652855,"Tbx21","NM_019507 NP_062380","inside exon","inside",15253,"inside exon",0,4,6,"inside transcription region","-",17260,16365,"57765",70992
"4120","chr11",97112953,0.510982433547525,0.891064521937994,-0.38008208839047,0.170035807595242,-2.23530616148352,0.0218358420097307,0.0311948134425702,0.0253972558410026,0.999913923957087,0.952616720031673,"Tbx21","NM_019507 NP_062380","inside intron","inside",2378,"inside intron",1696,1,6,"inside transcription region","-",17260,16365,"57765",70992
"2469","chr4",128805664,0.100007292587548,0.788321981927348,-0.6883146893398,0.407524412206385,-1.68901461783156,0.0271605453967265,0.0311123108698637,0.0912166286704738,0.999913923957087,0.952110599647852,"Zfp362","NM_001081098 NP_001074567 XM_030253454 XM_036164050 XP_030109314 XP_036019943","inside intron","inside",381,"inside intron",347,1,7,"5' UTR","-",28961,13228,"230761",45394
"5524","chrX",7583986,0.244933430563972,0.9315511374155,-0.686617706851528,0.414307694245611,-1.65726515917536,0.026342451874367,0.0312198619469885,0.097465878003858,0.999913923957087,0.950403871625477,"Foxp3","NM_001199347 NM_001199348 NM_054039 NP_001186276 NP_001186277 NP_473380","promoter","promoter",2287,NA,NA,NA,11,NA,"+",8970,6688,"20371",31450
